ARQ2,2,50,23,0.676616907119751,0.5970149040222168,0.5970149040222168,0.4029850661754608,0.416252076625824,0.5379767894744873,0.1088409423828125
ARQ4,4,50,45,0.38971808552742004,0.4029850661754608,0.5953565239906311,0.5058043003082275,0.5970149040222168,0.4981757640838623,0.08954977244138718
ARQ8,8,50,89,0.5472636818885803,0.5538972020149231,0.5970149040222168,0.326699823141098,0.8407959938049316,0.5731343269348145,0.1636962890625
ARQ16,16,50,168,0.5223880410194397,0.5970149040222168,0.6152570247650146,0.38971808552742004,0.5970149040222168,0.5442785739898681,0.08362813293933868
ARQ64,64,50,642,0.5970149040222168,0.5970149040222168,0.4029850661754608,0.4029850661754608,0.5970149040222168,0.5194029808044434,0.09505482017993927
ARQ128,128,50,1283,0.5970149040222168,0.4029850661754608,0.5970149040222168,0.5970149040222168,0.5970149040222168,0.5582089424133301,0.07761193066835403
ARQ256,256,50,2565,0.4029850661754608,0.5970149040222168,0.5970149040222168,0.5970149040222168,0.5970149040222168,0.5582089424133301,0.07761193066835403
ARQ300,300,50,3004,0.5970149040222168,0.5970149040222168,0.5970149040222168,0.5970149040222168,0.704809308052063,0.6185737609863281,0.04311776161193848
ARQ350,350,50,3509,0.5970149040222168,0.5970149040222168,0.6003316640853882,0.5970149040222168,0.5970149040222168,0.597678279876709,0.001326704048551619
ARQ400,400,50,4005,0.5970149040222168,0.5970149040222168,0.5970149040222168,0.5970149040222168,0.5970149040222168,0.5970149040222168,0.0
ARQ450,450,50,4510,0.5970149040222168,0.5970149040222168,0.5970149040222168,0.5970149040222168,0.5970149040222168,0.5970149040222168,0.0
ARQ500,500,50,5006,0.5970149040222168,0.5970149040222168,0.5970149040222168,0.5970149040222168,0.5970149040222168,0.5970149040222168,0.0
ARQ550,550,50,5502,0.5970149040222168,0.5970149040222168,0.5970149040222168,0.5970149040222168,0.5970149040222168,0.5970149040222168,0.0
ARQ600,600,50,6007,0.5970149040222168,0.5970149040222168,0.5970149040222168,0.5970149040222168,0.5970149040222168,0.5970149040222168,0.0
ARQ2,2,100,23,0.5970149040222168,0.5970149040222168,0.6619237065315247,0.5433499217033386,0.8636152744293213,0.6525837421417237,0.11200835555791855
ARQ4,4,100,45,0.6020563840866089,0.6611608862876892,0.5114096403121948,0.8540961742401123,0.8207628726959229,0.6898972034454346,0.12998978793621063
ARQ8,8,100,89,0.7912437915802002,0.8786069750785828,0.620762825012207,0.8296849131584167,0.6478607058525085,0.75363187789917,0.10164567828178406
ARQ16,16,100,168,0.8473963737487793,0.8540298342704773,0.7782089710235596,0.9525372982025146,0.6522719860076904,0.8168889045715332,0.09930308163166046
ARQ64,64,100,642,0.8470315337181091,0.5970149040222168,0.8086898922920227,0.5970149040222168,0.804709792137146,0.7308921813964844,0.11030514538288116
ARQ128,128,100,1283,0.8298839330673218,0.9681591987609863,0.5970149040222168,0.5970149040222168,0.5970149040222168,0.7178175926208497,0.1542787402868271
ARQ256,256,100,2565,0.8654394745826721,0.8548258543014526,0.8716418147087097,0.8498507738113403,0.5970149040222168,0.8077546119689941,0.10564859956502914
ARQ300,300,100,3004,0.5970149040222168,0.5970149040222168,0.5970149040222168,0.5970149040222168,0.5970149040222168,0.5970149040222168,0.0
ARQ350,350,100,3509,0.5970149040222168,0.5970149040222168,0.6933996677398682,0.8468325138092041,0.8291542530059814,0.7126832485198975,0.10834362357854843
ARQ400,400,100,4005,0.5970149040222168,0.5970149040222168,0.5970149040222168,0.5970149040222168,0.5970149040222168,0.5970149040222168,0.0
ARQ450,450,100,4510,0.5970149040222168,0.5970149040222168,0.5970149040222168,0.5970149040222168,0.5970149040222168,0.5970149040222168,0.0
ARQ500,500,100,5006,0.5970149040222168,0.5970149040222168,0.5970149040222168,0.5970149040222168,0.5970149040222168,0.5970149040222168,0.0
ARQ550,550,100,5502,0.5970149040222168,0.5970149040222168,0.5970149040222168,0.5970149040222168,0.5970149040222168,0.5970149040222168,0.0
ARQ600,600,100,6007,0.753731369972229,0.5970149040222168,0.5970149040222168,0.5970149040222168,0.5970149040222168,0.6283581733703614,0.06268659234046936
ARQ2,2,150,23,0.7037810683250427,0.5970149040222168,0.5970149040222168,0.595389723777771,0.5400663614273071,0.6066534042358398,0.05325465276837349
ARQ4,4,150,45,0.5930348038673401,0.6085903644561768,0.8302819132804871,0.8029519319534302,0.5953565239906311,0.6860430717468262,0.10709438472986221
ARQ8,8,150,89,0.8543946743011475,0.9230514168739319,0.7107794284820557,0.8960862159729004,0.7406964898109436,0.8250016212463379,0.08448053151369095
ARQ16,16,150,168,0.9765505790710449,0.8474627137184143,0.9097180962562561,0.8541293740272522,0.8644776344299316,0.890467643737793,0.04822079464793205
ARQ64,64,150,642,0.8440132737159729,0.5970149040222168,0.5970149040222168,0.9012603759765625,0.5970149040222168,0.7072636604309082,0.13623476028442383
ARQ128,128,150,1283,0.5970149040222168,0.9076285362243652,0.5970149040222168,0.5970149040222168,0.9505472779273987,0.7298440933227539,0.16324704885482788
ARQ256,256,150,2565,0.5970149040222168,0.5970149040222168,0.5970149040222168,0.8682918548583984,0.7791708111763,0.6877014636993408,0.1145876944065094
ARQ300,300,150,3004,0.5970149040222168,0.5970149040222168,0.5970149040222168,0.5970149040222168,0.5970149040222168,0.5970149040222168,0.0
ARQ350,350,150,3509,0.5970149040222168,0.5970149040222168,0.5970149040222168,0.5970149040222168,0.5970149040222168,0.5970149040222168,0.0
ARQ400,400,150,4005,0.8371807336807251,0.5970149040222168,0.5970149040222168,0.5970149040222168,0.5970149040222168,0.6450480461120606,0.09606633335351944
ARQ450,450,150,4510,0.5970149040222168,0.5970149040222168,0.5970149040222168,0.5970149040222168,0.5970149040222168,0.5970149040222168,0.0
ARQ500,500,150,5006,0.5970149040222168,0.5970149040222168,0.5970149040222168,0.5970149040222168,0.5970149040222168,0.5970149040222168,0.0
ARQ550,550,150,5502,0.5970149040222168,0.5970149040222168,0.5970149040222168,0.8611276745796204,0.5970149040222168,0.6498374462127685,0.10564511269330978
ARQ600,600,150,6007,0.5970149040222168,0.5970149040222168,0.5970149040222168,0.5970149040222168,0.5970149040222168,0.5970149040222168,0.0
ARQ2,2,200,23,0.7498507499694824,0.6007628440856934,0.6612603664398193,0.6978772878646851,0.6223217248916626,0.6664145469665528,0.05335240066051483
ARQ4,4,200,45,0.8567163944244385,0.8968490958213806,0.690912127494812,0.951210618019104,0.6713432669639587,0.8134062767028809,0.1122632846236229
ARQ8,8,200,89,0.6528689861297607,0.7165173888206482,0.9496517181396484,0.9840132594108582,0.6338308453559875,0.7873764514923096,0.14945822954177856
ARQ16,16,200,168,0.8154560327529907,0.8703814148902893,0.8301824331283569,0.909386396408081,0.9694195985794067,0.878965187072754,0.05584675818681717
ARQ64,64,200,642,0.9393366575241089,0.9451741576194763,0.7520397901535034,0.9240795969963074,0.8587064743041992,0.8838672637939453,0.07275158911943436
ARQ128,128,200,1283,0.8984411358833313,0.8953565359115601,0.9714427590370178,0.5970149040222168,0.5970149040222168,0.7918540477752686,0.16140028834342957
ARQ256,256,200,2565,0.5970149040222168,0.9298838973045349,0.5970149040222168,0.9044444561004639,0.9124046564102173,0.7881525993347168,0.15628011524677277
ARQ300,300,200,3004,0.5970149040222168,0.5970149040222168,0.5970149040222168,0.5970149040222168,0.5970149040222168,0.5970149040222168,0.0
ARQ350,350,200,3509,0.5970149040222168,0.5970149040222168,0.5970149040222168,0.9010613560676575,0.5970149040222168,0.657824182510376,0.12161858379840851
ARQ400,400,200,4005,0.5970149040222168,0.5970149040222168,0.5970149040222168,0.8945937156677246,0.5970149040222168,0.6565306663513184,0.11903152614831924
ARQ450,450,200,4510,0.5970149040222168,0.5970149040222168,0.5970149040222168,0.5970149040222168,0.5970149040222168,0.5970149040222168,0.0
ARQ500,500,200,5006,0.5970149040222168,0.5970149040222168,0.5970149040222168,0.5970149040222168,0.5970149040222168,0.5970149040222168,0.0
ARQ550,550,200,5502,0.6371476054191589,0.5970149040222168,0.5970149040222168,0.5970149040222168,0.5970149040222168,0.6050414562225341,0.016053082421422005
ARQ600,600,200,6007,0.5970149040222168,0.5970149040222168,0.5970149040222168,0.5970149040222168,0.5970149040222168,0.5970149040222168,0.0
ARQ2,2,250,23,0.7141293287277222,0.5946268439292908,0.5970149040222168,0.5874958634376526,0.523184061050415,0.6032901763916015,0.061751436442136765
ARQ4,4,250,45,0.8667993545532227,0.5922719836235046,0.8071309924125671,0.5970149040222168,0.9916749596595764,0.7709784507751465,0.1558171510696411
ARQ8,8,250,89,0.6657047867774963,0.7629187107086182,0.8755555748939514,0.9383416175842285,0.8717081546783447,0.82284574508667,0.09673643112182617
ARQ16,16,250,168,0.9168490767478943,0.8976119160652161,0.8574460744857788,0.7458706498146057,0.8700829148292542,0.857572078704834,0.05958304554224014
ARQ64,64,250,642,0.9637479186058044,0.5970149040222168,0.5970149040222168,0.9056053161621094,0.9226865768432617,0.7972139358520508,0.16455087065696716
ARQ128,128,250,1283,0.5970149040222168,0.5970149040222168,0.9264013171195984,0.9803979992866516,0.5969817638397217,0.7395621776580811,0.1754305362701416
ARQ256,256,250,2565,0.5970149040222168,0.9341293573379517,0.9269319772720337,0.5970149040222168,0.5970149040222168,0.7304212093353272,0.16340453922748566
ARQ300,300,250,3004,0.5970149040222168,0.5970149040222168,0.5970149040222168,0.5970149040222168,0.5970149040222168,0.5970149040222168,0.0
ARQ350,350,250,3509,0.9113432765007019,0.5970149040222168,0.5970149040222168,0.5970149040222168,0.7726036310195923,0.6949983596801758,0.1277732253074646
ARQ400,400,250,4005,0.5970149040222168,0.5970149040222168,0.5970149040222168,0.8295190930366516,0.5970149040222168,0.6435157299041748,0.09300167858600616
ARQ450,450,250,4510,0.5970149040222168,0.5970149040222168,0.5970149040222168,0.5970149040222168,0.5970149040222168,0.5970149040222168,0.0
ARQ500,500,250,5006,0.5970149040222168,0.5970149040222168,0.5970149040222168,0.5970149040222168,0.7034494280815125,0.6183018207550048,0.04257380962371826
ARQ550,550,250,5502,0.5970149040222168,0.5970149040222168,0.5970149040222168,0.5970149040222168,0.5970149040222168,0.5970149040222168,0.0
ARQ600,600,250,6007,0.5970149040222168,0.5970149040222168,0.8709452748298645,0.5970149040222168,0.5970149040222168,0.6518009662628174,0.1095721498131752
ARQ2,2,300,23,0.5970149040222168,0.569585382938385,0.5945605039596558,0.672238826751709,0.8978109359741211,0.6662421226501465,0.12077521532773972
ARQ4,4,300,45,0.9814261794090271,0.6372470855712891,0.9052736163139343,0.8503150939941406,0.5551907420158386,0.7858905792236328,0.16245263814926147
ARQ8,8,300,89,0.8634162545204163,0.967827558517456,0.9531011581420898,0.9851409792900085,0.9870646595954895,0.9513101577758789,0.04566022381186485
ARQ16,16,300,168,0.9521724581718445,0.8292205929756165,0.9484908580780029,0.9610282182693481,0.8146268725395203,0.9011077880859375,0.06494602560997009
ARQ64,64,300,642,0.9575455784797668,0.8662022948265076,0.5970149040222168,0.5970149040222168,0.5970149040222168,0.7229585170745849,0.156930074095726
ARQ128,128,300,1283,0.5970149040222168,0.997611939907074,0.5970149040222168,0.5970149040222168,0.9246434569358826,0.7426600456237793,0.17986436188220978
ARQ256,256,300,2565,0.5970149040222168,0.9267330169677734,0.5970149040222168,0.5970149040222168,0.9168490767478943,0.7269253730773926,0.15913785994052887
ARQ300,300,300,3004,0.5970149040222168,0.5970149040222168,0.5970149040222168,0.9182420969009399,0.9272636771202087,0.7273100852966309,0.15960386395454407
ARQ350,350,300,3509,0.9113432765007019,0.5970149040222168,0.5970149040222168,0.9028855562210083,0.909386396408081,0.7835290431976318,0.15231387317180634
ARQ400,400,300,4005,0.5970149040222168,0.5970149040222168,0.5970149040222168,0.5970149040222168,0.9112105965614319,0.6598540306091308,0.12567828595638275
ARQ450,450,300,4510,0.5970149040222168,0.5970149040222168,0.5970149040222168,0.867661714553833,0.5970149040222168,0.65114426612854,0.10825872421264648
ARQ500,500,300,5006,0.5970149040222168,0.5970149040222168,0.5970149040222168,0.5970149040222168,0.5970149040222168,0.5970149040222168,0.0
ARQ550,550,300,5502,0.5970149040222168,0.5970149040222168,0.5970149040222168,0.5970149040222168,0.5970149040222168,0.5970149040222168,0.0
ARQ600,600,300,6007,0.5970149040222168,0.5970149040222168,0.5970149040222168,0.5970149040222168,0.5970149040222168,0.5970149040222168,0.0
ARQ2,2,350,23,0.767429530620575,0.5970149040222168,0.8135323524475098,0.597711443901062,0.5970149040222168,0.6745406150817871,0.09578125178813934
ARQ4,4,350,45,0.8169154524803162,0.6985074877738953,0.6098175644874573,0.8533996939659119,0.8449751138687134,0.7647231101989747,0.09529764205217361
ARQ8,8,350,89,0.856019914150238,0.8249087929725647,0.9093532562255859,0.6555555462837219,0.7755887508392334,0.8042852401733398,0.08612212538719177
ARQ16,16,350,168,0.897844135761261,0.7923714518547058,0.9064676761627197,0.9526699781417847,0.9610944986343384,0.9020895004272461,0.060191716998815536
ARQ64,64,350,642,0.5970149040222168,0.5970149040222168,0.920961856842041,0.9666998386383057,0.8999336361885071,0.7963250160217286,0.16416193544864655
ARQ128,128,350,1283,0.5970149040222168,0.9811276793479919,0.5970149040222168,0.5970149040222168,0.5970149040222168,0.6738374710083008,0.1536451131105423
ARQ256,256,350,2565,0.5970149040222168,0.5970149040222168,0.5970149040222168,0.5970149040222168,0.5970149040222168,0.5970149040222168,0.0
ARQ300,300,350,3004,0.5970149040222168,0.8810281753540039,0.5970149040222168,0.5970149040222168,0.5970149040222168,0.6538175582885742,0.1136053055524826
ARQ350,350,350,3509,0.9596683382987976,0.8903151154518127,0.5970149040222168,0.5970149040222168,0.5970149040222168,0.7282056331634521,0.16216503083705902
ARQ400,400,350,4005,0.5970149040222168,0.5970149040222168,0.5970149040222168,0.5970149040222168,0.5970149040222168,0.5970149040222168,0.0
ARQ450,450,350,4510,0.5970149040222168,0.5970149040222168,0.886069655418396,0.5970149040222168,0.5970149040222168,0.6548258781433105,0.1156218945980072
ARQ500,500,350,5006,0.5970149040222168,0.5970149040222168,0.5970149040222168,0.5970149040222168,0.9012603759765625,0.657863998413086,0.12169818580150604
ARQ550,550,350,5502,0.5970149040222168,0.5970149040222168,0.5970149040222168,0.7013598680496216,0.5970149040222168,0.6178838729858398,0.041737984865903854
ARQ600,600,350,6007,0.5970149040222168,0.5970149040222168,0.5970149040222168,0.5970149040222168,0.5970149040222168,0.5970149040222168,0.0
ARQ2,2,400,23,0.6055721640586853,0.6554560661315918,0.549187421798706,0.5388059616088867,0.7636484503746033,0.6225340366363525,0.08206699788570404
ARQ4,4,400,45,0.6945937275886536,0.6839469075202942,0.7736318111419678,0.8733001947402954,0.735058069229126,0.7521061420440673,0.06840372830629349
ARQ8,8,400,89,0.9003316760063171,0.818739652633667,0.5942620038986206,0.8646102547645569,0.909253716468811,0.8174394607543946,0.11604820191860199
ARQ16,16,400,168,0.8845770955085754,0.8324046730995178,0.9641459584236145,0.8633831143379211,0.8013930320739746,0.8691807746887207,0.055202726274728775
ARQ64,64,400,642,0.9012603759765625,0.9778109192848206,0.8986069560050964,0.5970149040222168,0.5970149040222168,0.7943416118621827,0.16360899806022644
ARQ128,128,400,1283,0.9850746393203735,0.983449399471283,0.9515091180801392,0.9238474369049072,0.9780431389808655,0.9643847465515136,0.023609910160303116
ARQ256,256,400,2565,0.5970149040222168,0.5970149040222168,0.957910418510437,0.9023880362510681,0.5970149040222168,0.7302686691284179,0.16414356231689453
ARQ300,300,400,3004,0.8995687961578369,0.9113432765007019,0.5970149040222168,0.5970149040222168,0.5970149040222168,0.7203913688659668,0.15115055441856384
ARQ350,350,400,3509,0.5970149040222168,0.5970149040222168,0.5970149040222168,0.5970149040222168,0.5970149040222168,0.5970149040222168,0.0
ARQ400,400,400,4005,0.8206965327262878,0.5970149040222168,0.5970149040222168,0.5970149040222168,0.5970149040222168,0.6417512416839599,0.08947264403104782
ARQ450,450,400,4510,0.8387727737426758,0.8307130932807922,0.5970149040222168,0.5970149040222168,0.5970149040222168,0.6921061038970947,0.11649036407470703
ARQ500,500,400,5006,0.5970149040222168,0.5970149040222168,0.5970149040222168,0.5970149040222168,0.5970149040222168,0.5970149040222168,0.0
ARQ550,550,400,5502,0.5970149040222168,0.5970149040222168,0.5970149040222168,0.5970149040222168,0.5970149040222168,0.5970149040222168,0.0
ARQ600,600,400,6007,0.5970149040222168,0.5970149040222168,0.5970149040222168,0.5970149040222168,0.5970149040222168,0.5970149040222168,0.0
ARQ2,2,450,23,0.41389718651771545,0.7588723301887512,0.5039801001548767,0.7212935090065002,0.7782421112060547,0.6352570533752442,0.14789290726184845
ARQ4,4,450,45,0.9554560780525208,0.565140962600708,0.6533665060997009,0.7619237303733826,0.9679270386695862,0.7807628631591796,0.16039058566093445
ARQ8,8,450,89,0.9550580382347107,0.9502819180488586,0.9460033178329468,0.7268656492233276,0.9017910361289978,0.8960000038146972,0.08668872714042664
ARQ16,16,450,168,0.8407959938049316,0.9332669973373413,0.8795356750488281,0.904809296131134,0.9670646786689758,0.9050945281982422,0.04340881481766701
ARQ64,64,450,642,0.5970149040222168,0.9686235785484314,0.9665671586990356,0.9307131171226501,0.9055389761924744,0.8736915588378906,0.14032365381717682
ARQ128,128,450,1283,0.904941976070404,0.9321724772453308,0.9868324995040894,0.9215920567512512,0.9871309995651245,0.9465339660644532,0.0341477245092392
ARQ256,256,450,2565,0.5970149040222168,0.5970149040222168,0.5970149040222168,0.9321724772453308,0.5970149040222168,0.6640464305877686,0.13406303524971008
ARQ300,300,450,3004,0.9341956973075867,0.5970149040222168,0.5970149040222168,0.5970149040222168,0.9413598775863647,0.7333200454711915,0.1669544130563736
ARQ350,350,450,3509,0.5970149040222168,0.9014925360679626,0.7497512698173523,0.925704836845398,0.941691517829895,0.823130989074707,0.13208451867103577
ARQ400,400,450,4005,0.9409286975860596,0.5970149040222168,0.8739303350448608,0.5970149040222168,0.5970149040222168,0.7211807250976563,0.1535402536392212
ARQ450,450,450,4510,0.878872275352478,0.5970149040222168,0.5970149040222168,0.5970149040222168,0.5970149040222168,0.653386402130127,0.11274294555187225
ARQ500,500,450,5006,0.5970149040222168,0.5970149040222168,0.5970149040222168,0.5970149040222168,0.5970149040222168,0.5970149040222168,0.0
ARQ550,550,450,5502,0.5970149040222168,0.5970149040222168,0.5970149040222168,0.7224875688552856,0.5970149040222168,0.6221094131469727,0.0501890629529953
ARQ600,600,450,6007,0.5970149040222168,0.5970149040222168,0.5970149040222168,0.8030845522880554,0.5970149040222168,0.6382288455963134,0.08242785930633545
ARQ2,2,500,23,0.9227529168128967,0.630016565322876,0.5970149040222168,0.565406322479248,0.6236484050750732,0.6677678108215332,0.12951673567295074
ARQ4,4,500,45,0.8480265140533447,0.9122056365013123,0.9080928564071655,0.9830845594406128,0.881558895111084,0.9065937042236328,0.04459024593234062
ARQ8,8,500,89,0.8207628726959229,0.9728689789772034,0.881625235080719,0.8643449544906616,0.7805970311164856,0.8640398025512696,0.06478999555110931
ARQ16,16,500,168,0.9560862183570862,0.99973464012146,0.665041446685791,0.9850082993507385,0.950945258140564,0.9113631248474121,0.12447843700647354
ARQ64,64,500,642,0.946633517742157,0.5970149040222168,0.9090878963470459,0.9633167386054993,0.8982089757919312,0.8628523826599122,0.13503313064575195
ARQ128,128,500,1283,0.5970149040222168,0.941691517829895,0.900099515914917,0.9984411001205444,0.5970149040222168,0.8068524360656738,0.17415302991867065
ARQ256,256,500,2565,0.5970149040222168,0.5970149040222168,0.5970149040222168,0.5970149040222168,0.9412271976470947,0.6658573627471924,0.1376849114894867
ARQ300,300,500,3004,0.5970149040222168,0.5970149040222168,0.5970149040222168,0.9341956973075867,0.5970149040222168,0.6644510746002197,0.13487231731414795
ARQ350,350,500,3509,0.5970149040222168,0.5970149040222168,0.5970149040222168,0.5970149040222168,0.5970149040222168,0.5970149040222168,0.0
ARQ400,400,500,4005,0.5970149040222168,0.5970149040222168,0.9018573760986328,0.5970149040222168,0.5970149040222168,0.6579833984375,0.12193699181079865
ARQ450,450,500,4510,0.676484227180481,0.5970149040222168,0.5970149040222168,0.5970149040222168,0.5970149040222168,0.6129087448120117,0.031787727028131485
ARQ500,500,500,5006,0.5970149040222168,0.5970149040222168,0.5970149040222168,0.5970149040222168,0.5970149040222168,0.5970149040222168,0.0
ARQ550,550,500,5502,0.5970149040222168,0.5970149040222168,0.5970149040222168,0.5970149040222168,0.5970149040222168,0.5970149040222168,0.0
ARQ600,600,500,6007,0.5970149040222168,0.5970149040222168,0.5970149040222168,0.5970149040222168,0.5970149040222168,0.5970149040222168,0.0
ARQ2,2,550,23,0.6637147665023804,0.8323051333427429,0.9405969977378845,0.6431177258491516,0.5970149040222168,0.7353498935699463,0.12984731793403625
ARQ4,4,550,45,0.7172139286994934,0.8547927141189575,0.7967827320098877,0.8462023138999939,0.8172470927238464,0.8064477920532227,0.04917392507195473
ARQ8,8,550,89,0.7973134517669678,0.6951907277107239,0.925406277179718,0.8651741147041321,0.9434162378311157,0.8453001022338867,0.09085625410079956
ARQ16,16,550,168,0.886135995388031,0.9760862588882446,0.8753565549850464,0.9310116171836853,0.9632835984230042,0.9263748168945313,0.04019206762313843
ARQ64,64,550,642,0.5970149040222168,0.8900828957557678,0.9383748173713684,0.5970149040222168,0.8840795755386353,0.781313419342041,0.15165212750434875
ARQ128,128,550,1283,0.9172802567481995,0.5970149040222168,0.5970149040222168,0.9884577393531799,0.9553565382957458,0.8110248565673828,0.17618443071842194
ARQ256,256,550,2565,0.5970149040222168,0.5970149040222168,0.5970149040222168,0.9241459369659424,0.8790381550788879,0.7188457489013672,0.14989198744297028
ARQ300,300,550,3004,0.5970149040222168,0.5970149040222168,0.5970149040222168,0.5970149040222168,0.5970149040222168,0.5970149040222168,0.0
ARQ350,350,550,3509,0.9108457565307617,0.5970149040222168,0.5970149040222168,0.5970149040222168,0.5970149040222168,0.6597810745239258,0.1255323439836502
ARQ400,400,550,4005,0.9113101363182068,0.9008623361587524,0.5970149040222168,0.5970149040222168,0.5970149040222168,0.720643424987793,0.15144944190979004
ARQ450,450,550,4510,0.5970149040222168,0.5970149040222168,0.5970149040222168,0.5970149040222168,0.5970149040222168,0.5970149040222168,0.0
ARQ500,500,550,5006,0.5970149040222168,0.5970149040222168,0.5970149040222168,0.5970149040222168,0.5970149040222168,0.5970149040222168,0.0
ARQ550,550,550,5502,0.5970149040222168,0.5970149040222168,0.5970149040222168,0.5970149040222168,0.5970149040222168,0.5970149040222168,0.0
ARQ600,600,550,6007,0.5970149040222168,0.5970149040222168,0.5970149040222168,0.5970149040222168,0.5970149040222168,0.5970149040222168,0.0
ARQ2,2,600,23,0.9399999976158142,0.5427529215812683,0.706932008266449,0.8878607153892517,0.6258043050765991,0.7406700134277344,0.15159228444099426
ARQ4,4,600,45,0.6033499240875244,0.5841791033744812,0.746334969997406,0.9541625380516052,0.9355555772781372,0.7647164344787598,0.15750974416732788
ARQ8,8,600,89,0.6004974842071533,0.7642785906791687,0.9942951798439026,0.7798341512680054,0.8889220356941223,0.8055655479431152,0.13189905881881714
ARQ16,16,600,168,0.9776119589805603,0.9378109574317932,0.9599999785423279,0.9319403171539307,0.8920397758483887,0.9398805618286132,0.028929295018315315
ARQ64,64,600,642,0.8943946957588196,0.9772471189498901,0.5970149040222168,0.9509784579277039,0.9260696768760681,0.8691410064697266,0.13879159092903137
ARQ128,128,600,1283,0.9495853781700134,0.91877281665802,0.9275290369987488,0.5970149040222168,0.8780763149261475,0.8541956901550293,0.13065941631793976
ARQ256,256,600,2565,0.5970149040222168,0.9355223774909973,0.5970149040222168,0.9516085982322693,0.5970149040222168,0.7356351375579834,0.16985061764717102
ARQ300,300,600,3004,0.5970149040222168,0.5970149040222168,0.5970149040222168,0.5970149040222168,0.9422222375869751,0.6660563468933105,0.13808293640613556
ARQ350,350,600,3509,0.5970149040222168,0.5970149040222168,0.5970149040222168,0.9190381169319153,0.5970149040222168,0.6614195346832276,0.12880928814411163
ARQ400,400,600,4005,0.5970149040222168,0.5970149040222168,0.5970149040222168,0.5970149040222168,0.9101160764694214,0.6596351623535156,0.12524046003818512
ARQ450,450,600,4510,0.9261028170585632,0.5970149040222168,0.5970149040222168,0.5970149040222168,0.5970149040222168,0.662832498550415,0.1316351592540741
ARQ500,500,600,5006,0.5970149040222168,0.5970149040222168,0.5970149040222168,0.5970149040222168,0.5970149040222168,0.5970149040222168,0.0
ARQ550,550,600,5502,0.5970149040222168,0.5970149040222168,0.5970149040222168,0.5970149040222168,0.5970149040222168,0.5970149040222168,0.0
ARQ600,600,600,6007,0.6292537450790405,0.5970149040222168,0.5970149040222168,0.5970149040222168,0.5970149040222168,0.6034626960754395,0.012895535677671432
ARQ2,2,650,23,0.8111442923545837,0.8456716537475586,0.5907130837440491,0.5970149040222168,0.9518408179283142,0.7592769622802734,0.1428130716085434
ARQ4,4,650,45,0.48948588967323303,0.9362852573394775,0.862719714641571,0.5471642017364502,0.809419572353363,0.7290149211883545,0.17762134969234467
ARQ8,8,650,89,0.927893877029419,0.9052404761314392,0.9108457565307617,0.9668656587600708,0.9361525774002075,0.9293996810913085,0.02181505784392357
ARQ16,16,650,168,0.9610613584518433,0.8085240721702576,0.9833499193191528,0.8519402742385864,0.8918739557266235,0.8993498802185058,0.06544799357652664
ARQ64,64,650,642,0.8988391160964966,0.9821890592575073,0.5970149040222168,0.5970149040222168,0.9866998195648193,0.8123516082763672,0.17858439683914185
ARQ128,128,650,1283,0.5970149040222168,0.955588698387146,0.9403980374336243,0.9263349771499634,0.9891210794448853,0.8816915512084961,0.1438625603914261
ARQ256,256,650,2565,0.5970149040222168,0.5970149040222168,0.9391376376152039,0.5970149040222168,0.5970149040222168,0.6654394626617431,0.13684909045696259
ARQ300,300,650,3004,0.5970149040222168,0.5970149040222168,0.5970149040222168,0.5970149040222168,0.5970149040222168,0.5970149040222168,0.0
ARQ350,350,650,3509,0.5970149040222168,0.935124397277832,0.5970149040222168,0.5970149040222168,0.5970149040222168,0.6646368026733398,0.13524380326271057
ARQ400,400,650,4005,0.5970149040222168,0.5970149040222168,0.5970149040222168,0.5970149040222168,0.5970149040222168,0.5970149040222168,0.0
ARQ450,450,650,4510,0.879104495048523,0.9269319772720337,0.8710447549819946,0.5970149040222168,0.5970149040222168,0.7742221832275391,0.1459452211856842
ARQ500,500,650,5006,0.5970149040222168,0.5970149040222168,0.5970149040222168,0.5970149040222168,0.9030182361602783,0.6582155704498291,0.12240133434534073
ARQ550,550,650,5502,0.5970149040222168,0.5970149040222168,0.5970149040222168,0.5970149040222168,0.5970149040222168,0.5970149040222168,0.0
ARQ600,600,650,6007,0.5970149040222168,0.5970149040222168,0.5970149040222168,0.5970149040222168,0.5970149040222168,0.5970149040222168,0.0
ARQ2,2,700,23,0.677081286907196,0.8989717960357666,0.9336981773376465,0.664908766746521,0.9106467366218567,0.8170614242553711,0.11984699964523315
ARQ4,4,700,45,0.8641459345817566,0.9578772783279419,0.9265671372413635,0.653399646282196,0.7915090918540955,0.8386998176574707,0.10875160247087479
ARQ8,8,700,89,0.8325372934341431,0.7873631715774536,0.9755555391311646,0.9066334962844849,0.8453731536865234,0.8694925308227539,0.0653015747666359
ARQ16,16,700,168,0.8362520933151245,0.8923383355140686,0.8496517539024353,0.8478938937187195,0.9460364580154419,0.8744345664978027,0.04055581986904144
ARQ64,64,700,642,0.9564510583877563,0.9213598966598511,0.9787396192550659,0.5970149040222168,0.5970149040222168,0.8101161003112793,0.1749555617570877
ARQ128,128,700,1283,0.932404637336731,0.5970149040222168,0.9426534175872803,0.5970149040222168,0.925406277179718,0.7988988399505615,0.16492879390716553
ARQ256,256,700,2565,0.9415920376777649,0.5970149040222168,0.5970149040222168,0.9087561964988708,0.5970149040222168,0.7282785892486572,0.16109950840473175
ARQ300,300,700,3004,0.5970149040222168,0.9414262175559998,0.5970149040222168,0.5970149040222168,0.5970149040222168,0.6658971786499024,0.13776452839374542
ARQ350,350,700,3509,0.5970149040222168,0.5970149040222168,0.5970149040222168,0.5970149040222168,0.5970149040222168,0.5970149040222168,0.0
ARQ400,400,700,4005,0.5970149040222168,0.5970149040222168,0.5970149040222168,0.8143615126609802,0.5970149040222168,0.6404842376708985,0.08693864196538925
ARQ450,450,700,4510,0.5970149040222168,0.5970149040222168,0.5970149040222168,0.5970149040222168,0.5970149040222168,0.5970149040222168,0.0
ARQ500,500,700,5006,0.5970149040222168,0.5970149040222168,0.6452072858810425,0.9109452962875366,0.5970149040222168,0.6694394588470459,0.12218692153692245
ARQ550,550,700,5502,0.5970149040222168,0.5970149040222168,0.5970149040222168,0.5970149040222168,0.5970149040222168,0.5970149040222168,0.0
ARQ600,600,700,6007,0.5970149040222168,0.5970149040222168,0.5970149040222168,0.5970149040222168,0.5970149040222168,0.5970149040222168,0.0
ARQ2,2,750,23,0.8247761130332947,0.5844444632530212,0.5970149040222168,0.7758540511131287,0.5970149040222168,0.6758209228515625,0.10292202234268188
ARQ4,4,750,45,0.8393034934997559,0.5468656420707703,0.9543946981430054,0.802388072013855,0.8686566948890686,0.8023217201232911,0.13722389936447144
ARQ8,8,750,89,0.9993366599082947,0.7686235308647156,0.730116069316864,0.9247429370880127,0.897578775882721,0.8640795707702636,0.10015468299388885
ARQ16,16,750,168,0.9550580382347107,0.8801990151405334,0.9615256786346436,0.9471973180770874,0.8809950351715088,0.9249950408935547,0.036534633487463
ARQ64,64,750,642,0.8746932148933411,0.9491873979568481,0.9133001565933228,0.8925704956054688,0.5970149040222168,0.8453532218933105,0.12661796808242798
ARQ128,128,750,1283,0.9113101363182068,0.5970149040222168,0.5970149040222168,0.9402653574943542,0.5970149040222168,0.7285240650177002,0.16132520139217377
ARQ256,256,750,2565,0.8386069536209106,0.9337645173072815,0.918308436870575,0.5970149040222168,0.9435821175575256,0.8462553977966308,0.1300009936094284
ARQ300,300,750,3004,0.89522385597229,0.5970149040222168,0.5970149040222168,0.5970149040222168,0.5970149040222168,0.6566566944122314,0.11928357183933258
ARQ350,350,750,3509,0.5970149040222168,0.8449751138687134,0.5970149040222168,0.5970149040222168,0.5970149040222168,0.6466069221496582,0.09918408840894699
ARQ400,400,750,4005,0.5970149040222168,0.5970149040222168,0.5970149040222168,0.5970149040222168,0.5970149040222168,0.5970149040222168,0.0
ARQ450,450,750,4510,0.5970149040222168,0.9190049767494202,0.5970149040222168,0.5970149040222168,0.8224212527275085,0.7064941883087158,0.1375187784433365
ARQ500,500,750,5006,0.5970149040222168,0.5970149040222168,0.5970149040222168,0.5970149040222168,0.5970149040222168,0.5970149040222168,0.0
ARQ550,550,750,5502,0.5970149040222168,0.5970149040222168,0.5970149040222168,0.5970149040222168,0.5970149040222168,0.5970149040222168,0.0
ARQ600,600,750,6007,0.5970149040222168,0.5970149040222168,0.5970149040222168,0.5970149040222168,0.7340298295021057,0.6244178771972656,0.054805971682071686
ARQ2,2,800,23,0.5970149040222168,0.8501492738723755,0.5781094431877136,0.5970149040222168,0.5970149040222168,0.6438606739044189,0.10340385884046555
ARQ4,4,800,45,0.8457711338996887,0.5970149040222168,0.9244444370269775,0.8758540749549866,0.597844123840332,0.7681857109069824,0.14166472852230072
ARQ8,8,800,89,0.9389054775238037,0.8261027932167053,0.8857711553573608,0.9697180986404419,0.7506467700004578,0.8742287635803223,0.07876946032047272
ARQ16,16,800,168,0.9315422773361206,0.9448424577713013,0.8588391542434692,0.8682918548583984,0.8192371726036072,0.8845505714416504,0.04697785526514053
ARQ64,64,800,642,0.9753565788269043,0.7801326513290405,0.9106799364089966,0.8759204149246216,0.5970149040222168,0.827820873260498,0.1315230280160904
ARQ128,128,800,1283,0.9402653574943542,0.5970149040222168,0.9576119184494019,0.9225538969039917,0.5970149040222168,0.8028922080993652,0.1684633046388626
ARQ256,256,800,2565,0.879104495048523,0.5970149040222168,0.5970149040222168,0.5970149040222168,0.9255058169364929,0.7191310405731202,0.15027914941310883
ARQ300,300,800,3004,0.862951934337616,0.5970149040222168,0.5970149040222168,0.5970149040222168,0.5970149040222168,0.6502023220062256,0.1063748151063919
ARQ350,350,800,3509,0.5970149040222168,0.9269983172416687,0.9435157775878906,0.5970149040222168,0.9274294972419739,0.7983946800231934,0.16453365981578827
ARQ400,400,800,4005,0.5970149040222168,0.5970149040222168,0.5970149040222168,0.5970149040222168,0.5970149040222168,0.5970149040222168,0.0
ARQ450,450,800,4510,0.6373134255409241,0.5970149040222168,0.9087561964988708,0.9113432765007019,0.5970149040222168,0.7302885532379151,0.14751245081424713
ARQ500,500,800,5006,0.5970149040222168,0.5970149040222168,0.5970149040222168,0.5970149040222168,0.5970149040222168,0.5970149040222168,0.0
ARQ550,550,800,5502,0.5970149040222168,0.5970149040222168,0.5970149040222168,0.5970149040222168,0.5970149040222168,0.5970149040222168,0.0
ARQ600,600,800,6007,0.5970149040222168,0.5970149040222168,0.5970149040222168,0.5970149040222168,0.5970149040222168,0.5970149040222168,0.0
ARQ2,2,850,23,0.5970149040222168,0.5964511036872864,0.5970149040222168,0.5970149040222168,0.5969817638397217,0.5968955039978028,0.00022257649106904864
ARQ4,4,850,45,0.5850746035575867,0.5970149040222168,0.8976119160652161,0.8339966535568237,0.6906799077987671,0.7208756446838379,0.12548087537288666
ARQ8,8,850,89,0.7667993307113647,0.8462355136871338,0.8520398139953613,0.5847761034965515,0.9053068161010742,0.7910315036773682,0.11221125721931458
ARQ16,16,850,168,0.9187396168708801,0.9782089591026306,0.8970812559127808,0.9769154191017151,0.8320066332817078,0.9205903053283692,0.054581303149461746
ARQ64,64,850,642,0.9392039775848389,0.9454394578933716,0.9066003561019897,0.9924709796905518,0.5970149040222168,0.8761459350585937,0.14223293960094452
ARQ128,128,850,1283,0.5970149040222168,0.9658706188201904,0.9255721569061279,0.5970149040222168,0.5970149040222168,0.7364974975585937,0.17130525410175323
ARQ256,256,850,2565,0.5970149040222168,0.9422222375869751,0.5970149040222168,0.5970149040222168,0.9413266777992249,0.7349186897277832,0.16889724135398865
ARQ300,300,850,3004,0.5970149040222168,0.5970149040222168,0.5970149040222168,0.5970149040222168,0.5970149040222168,0.5970149040222168,0.0
ARQ350,350,850,3509,0.5970149040222168,0.5970149040222168,0.9112769365310669,0.5970149040222168,0.8900828957557678,0.7184808731079102,0.14891576766967773
ARQ400,400,850,4005,0.879104495048523,0.886335015296936,0.9342620372772217,0.5970149040222168,0.5970149040222168,0.7787462711334229,0.14958932995796204
ARQ450,450,850,4510,0.9111774563789368,0.5970149040222168,0.5970149040222168,0.5970149040222168,0.5970149040222168,0.6598474025726319,0.12566502392292023
ARQ500,500,850,5006,0.5970149040222168,0.5970149040222168,0.8866666555404663,0.5970149040222168,0.5970149040222168,0.6549452781677246,0.1158607006072998
ARQ550,550,850,5502,0.5970149040222168,0.5970149040222168,0.5970149040222168,0.5970149040222168,0.5970149040222168,0.5970149040222168,0.0
ARQ600,600,850,6007,0.5970149040222168,0.5970149040222168,0.5970149040222168,0.8449419736862183,0.5970149040222168,0.646600341796875,0.09917082637548447
ARQ2,2,900,23,0.6691210865974426,0.7706467509269714,0.7665339708328247,0.5878607034683228,0.5970149040222168,0.6782354354858399,0.07897331565618515
ARQ4,4,900,45,0.9756882190704346,0.6017578840255737,0.6010282039642334,0.8287562131881714,0.8901160955429077,0.7794693946838379,0.15270648896694183
ARQ8,8,900,89,0.6539635062217712,0.758374810218811,0.916384756565094,0.9613930583000183,0.9092869162559509,0.8398805618286133,0.11545021086931229
ARQ16,16,900,168,0.9965837597846985,0.7577446103096008,0.8517413139343262,0.8528026342391968,0.9454063177108765,0.8808557510375976,0.08288633823394775
ARQ64,64,900,642,0.9495190978050232,0.9588723182678223,0.5970149040222168,0.5970149040222168,0.5970149040222168,0.7398872375488281,0.17500713467597961
ARQ128,128,900,1283,0.9565837383270264,0.9507130980491638,0.9480596780776978,0.9434825778007507,0.5970149040222168,0.8791707992553711,0.14114156365394592
ARQ256,256,900,2565,0.5970149040222168,0.9342951774597168,0.5970149040222168,0.5970149040222168,0.9352238774299622,0.7321127414703369,0.16546066105365753
ARQ300,300,900,3004,0.5970149040222168,0.5970149040222168,0.9435821175575256,0.5970149040222168,0.5970149040222168,0.6663283348083496,0.13862688839435577
ARQ350,350,900,3509,0.5970149040222168,0.5970149040222168,0.5970149040222168,0.5970149040222168,0.5970149040222168,0.5970149040222168,0.0
ARQ400,400,900,4005,0.5970149040222168,0.5970149040222168,0.89522385597229,0.9274626970291138,0.862885594367981,0.7759203910827637,0.14749622344970703
ARQ450,450,900,4510,0.9355223774909973,0.9194029569625854,0.5970149040222168,0.9413598775863647,0.5970149040222168,0.7980629920959472,0.16431258618831635
ARQ500,500,900,5006,0.5970149040222168,0.5970149040222168,0.5970149040222168,0.5970149040222168,0.5970149040222168,0.5970149040222168,0.0
ARQ550,550,900,5502,0.5970149040222168,0.9032835960388184,0.5970149040222168,0.5970149040222168,0.5970149040222168,0.6582686424255371,0.12250746786594391
ARQ600,600,900,6007,0.5970149040222168,0.5970149040222168,0.9355223774909973,0.5970149040222168,0.5970149040222168,0.664716386795044,0.13540299236774445
ARQ2,2,950,23,0.593001663684845,0.5970149040222168,0.5970149040222168,0.7963184118270874,0.7424544095993042,0.665160846710205,0.08680009841918945
ARQ4,4,950,45,0.7088557481765747,0.7984743118286133,0.734991729259491,0.6616583466529846,0.6001326441764832,0.7008225440979003,0.0669928714632988
ARQ8,8,950,89,0.7359535694122314,0.9446766376495361,0.9587727785110474,0.8887894153594971,0.7346600294113159,0.8525704383850098,0.09856638312339783
ARQ16,16,950,168,0.8390713334083557,0.9340630173683167,0.981592059135437,0.958175778388977,0.9564179182052612,0.9338640213012696,0.04972604662179947
ARQ64,64,950,642,0.5970149040222168,0.9099170565605164,0.925472617149353,0.9857379794120789,0.9317744374275208,0.8699833869934082,0.13885445892810822
ARQ128,128,950,1283,0.9330016374588013,0.900232195854187,0.9735986590385437,0.9530348181724548,0.9502155780792236,0.9420166015625,0.024548958986997604
ARQ256,256,950,2565,0.895157516002655,0.9435821175575256,0.5970149040222168,0.9494527578353882,0.9273631572723389,0.8625141143798828,0.13408294320106506
ARQ300,300,950,3004,0.9180762767791748,0.91864013671875,0.5970149040222168,0.5970149040222168,0.9353896975517273,0.7932271957397461,0.16032741963863373
ARQ350,350,950,3509,0.5970149040222168,0.5970149040222168,0.5970149040222168,0.5970149040222168,0.8698838949203491,0.6515887260437012,0.10914760082960129
ARQ400,400,950,4005,0.9009950160980225,0.5970149040222168,0.5970149040222168,0.8146268725395203,0.5970149040222168,0.7013333320617676,0.1306500881910324
ARQ450,450,950,4510,0.5970149040222168,0.9183416366577148,0.9435157775878906,0.9274626970291138,0.5970149040222168,0.7966699600219727,0.16321685910224915
ARQ500,500,950,5006,0.5970149040222168,0.8458374738693237,0.879004955291748,0.8616583943367004,0.5970149040222168,0.7561061382293701,0.1303204894065857
ARQ550,550,950,5502,0.5970149040222168,0.5970149040222168,0.5970149040222168,0.5970149040222168,0.5970149040222168,0.5970149040222168,0.0
ARQ600,600,950,6007,0.5970149040222168,0.5970149040222168,0.5970149040222168,0.5970149040222168,0.5970149040222168,0.5970149040222168,0.0
ARQ2,2,1000,23,0.9040796160697937,0.9812935590744019,0.6778773069381714,0.6231177449226379,0.9062023162841797,0.818514060974121,0.14104345440864563
ARQ4,4,1000,45,0.7547263503074646,0.6283250451087952,0.8217578530311584,0.7012935280799866,0.6212272047996521,0.7054659843444824,0.07617701590061188
ARQ8,8,1000,89,0.9846102595329285,0.6049419641494751,0.8949585556983948,0.90679931640625,0.967363178730011,0.871734619140625,0.13771922886371613
ARQ16,16,1000,168,0.9154228568077087,0.8625870943069458,0.9465339779853821,0.9766832590103149,0.8856053352355957,0.9173665046691895,0.04094520956277847
ARQ64,64,1000,642,0.9354228973388672,0.5970149040222168,0.9221890568733215,0.9821558594703674,0.5970149040222168,0.8067594528198242,0.1724109798669815
ARQ128,128,1000,1283,0.9756882190704346,0.9897180795669556,0.5970149040222168,0.9572802782058716,0.5970149040222168,0.8233432769775391,0.1850825399160385
ARQ256,256,1000,2565,0.9434494376182556,0.967562198638916,0.5970149040222168,0.9483250379562378,0.5970149040222168,0.8106733322143554,0.1746376007795334
ARQ300,300,1000,3004,0.5970149040222168,0.7259701490402222,0.5970149040222168,0.5970149040222168,0.5970149040222168,0.6228059768676758,0.05158210173249245
ARQ350,350,1000,3509,0.5970149040222168,0.5970149040222168,0.5970149040222168,0.5970149040222168,0.5970149040222168,0.5970149040222168,0.0
ARQ400,400,1000,4005,0.5970149040222168,0.9266998171806335,0.9031840562820435,0.5970149040222168,0.5970149040222168,0.7241857528686524,0.15592922270298004
ARQ450,450,1000,4510,0.5970149040222168,0.5970149040222168,0.9112769365310669,0.8951907157897949,0.5970149040222168,0.7195024490356445,0.15010224282741547
ARQ500,500,1000,5006,0.5970149040222168,0.5970149040222168,0.5970149040222168,0.5970149040222168,0.8871641755104065,0.6550447463989257,0.11605971306562424
ARQ550,550,1000,5502,0.5970149040222168,0.8710447549819946,0.879104495048523,0.5970149040222168,0.5970149040222168,0.7082387924194335,0.1362447291612625
ARQ600,600,1000,6007,0.5970149040222168,0.5970149040222168,0.5970149040222168,0.5970149040222168,0.5970149040222168,0.5970149040222168,0.0
ARQ2,2,1050,23,0.48799335956573486,0.627960205078125,0.4648092985153198,0.6192703247070312,0.7223548889160156,0.5844776153564453,0.09564635157585144
ARQ4,4,1050,45,0.5970149040222168,0.562885582447052,0.8541957139968872,0.7923714518547058,0.7920729517936707,0.7197081565856933,0.11683361977338791
ARQ8,8,1050,89,0.9037147760391235,0.9188722968101501,0.8817910552024841,0.9750580191612244,0.9914427995681763,0.9341757774353028,0.042088236659765244
ARQ16,16,1050,168,0.9798009991645813,0.9162852168083191,0.9527031779289246,0.9959867596626282,0.8607960343360901,0.9411144256591797,0.048393093049526215
ARQ64,64,1050,642,0.9423217177391052,0.9403648376464844,0.9756550788879395,0.9188059568405151,0.9966832399368286,0.9547661781311035,0.02774450182914734
ARQ128,128,1050,1283,0.9905804395675659,0.5970149040222168,0.5970149040222168,0.5970149040222168,0.9405306577682495,0.7444312095642089,0.18123969435691833
ARQ256,256,1050,2565,0.5970149040222168,0.8871641755104065,0.8629187345504761,0.9433830976486206,0.9432172179222107,0.846739673614502,0.128768190741539
ARQ300,300,1050,3004,0.5970149040222168,0.5970149040222168,0.5970149040222168,0.9267993569374084,0.9169486165046692,0.7269585132598877,0.15917828679084778
ARQ350,350,1050,3509,0.9352238774299622,0.5970149040222168,0.879104495048523,0.5970149040222168,0.5970149040222168,0.7210745811462402,0.15297436714172363
ARQ400,400,1050,4005,0.9027860760688782,0.5970149040222168,0.5970149040222168,0.5970149040222168,0.5970149040222168,0.6581691265106201,0.12230847030878067
ARQ450,450,1050,4510,0.5970149040222168,0.5970149040222168,0.5970149040222168,0.5970149040222168,0.9274626970291138,0.6631044387817383,0.1321791112422943
ARQ500,500,1050,5006,0.5970149040222168,0.5970149040222168,0.5970149040222168,0.5970149040222168,0.5970149040222168,0.5970149040222168,0.0
ARQ550,550,1050,5502,0.5970149040222168,0.5970149040222168,0.5970149040222168,0.5970149040222168,0.5970149040222168,0.5970149040222168,0.0
ARQ600,600,1050,6007,0.5970149040222168,0.5970149040222168,0.5970149040222168,0.5970149040222168,0.5970149040222168,0.5970149040222168,0.0
ARQ2,2,1100,23,0.8733333349227905,0.8598009943962097,0.40822553634643555,0.6966832280158997,0.5975456237792969,0.6871177196502686,0.17343083024024963
ARQ4,4,1100,45,0.6691873669624329,0.5970149040222168,0.6913764476776123,0.7542620301246643,0.5970149040222168,0.6617711067199707,0.05978759378194809
ARQ8,8,1100,89,0.923150897026062,0.8503482341766357,0.9082255363464355,0.825638473033905,0.9048424363136292,0.8824411392211914,0.03763093054294586
ARQ16,16,1100,168,0.9333333373069763,0.9171144366264343,0.8053399920463562,0.9982752799987793,0.7532669901847839,0.881466007232666,0.08925872296094894
ARQ64,64,1100,642,0.9940298795700073,0.9657047986984253,0.5970149040222168,0.5970149040222168,0.9325704574584961,0.8172670364379883,0.18088436126708984
ARQ128,128,1100,1283,0.5970149040222168,0.5970149040222168,0.5970149040222168,0.5970149040222168,0.9264345169067383,0.6628988265991211,0.1317678540945053
ARQ256,256,1100,2565,0.5970149040222168,0.9245771169662476,0.5970149040222168,0.5970149040222168,0.9590049982070923,0.734925365447998,0.16925564408302307
ARQ300,300,1100,3004,0.5970149040222168,0.9191044569015503,0.5970149040222168,0.5970149040222168,0.5970149040222168,0.6614328384399414,0.12883582711219788
ARQ350,350,1100,3509,0.5970149040222168,0.5970149040222168,0.5970149040222168,0.5970149040222168,0.9516417980194092,0.6679402828216553,0.14185075461864471
ARQ400,400,1100,4005,0.5970149040222168,0.8618905544281006,0.9098507165908813,0.5970149040222168,0.8307462930679321,0.7593034744262696,0.13488352298736572
ARQ450,450,1100,4510,0.5970149040222168,0.5970149040222168,0.5970149040222168,0.5970149040222168,0.5970149040222168,0.5970149040222168,0.0
ARQ500,500,1100,5006,0.5970149040222168,0.5970149040222168,0.5970149040222168,0.5970149040222168,0.5970149040222168,0.5970149040222168,0.0
ARQ550,550,1100,5502,0.5970149040222168,0.5970149040222168,0.5970149040222168,0.9224212169647217,0.5970149040222168,0.6620961666107178,0.13016252219676971
ARQ600,600,1100,6007,0.5970149040222168,0.5970149040222168,0.5970149040222168,0.5970149040222168,0.5970149040222168,0.5970149040222168,0.0
ARQ2,2,1150,23,0.727595329284668,0.6098175644874573,0.8388059735298157,0.9085240364074707,0.5965837240219116,0.7362652778625488,0.12309574335813522
ARQ4,4,1150,45,0.5918739438056946,0.951144278049469,0.9184743165969849,0.739767849445343,0.9241127967834473,0.825074577331543,0.13862569630146027
ARQ8,8,1150,89,0.9059369564056396,0.8829519152641296,0.985970139503479,0.732570469379425,0.9707462787628174,0.8956351280212402,0.09017668664455414
ARQ16,16,1150,168,0.9074627161026001,0.9734991788864136,0.9149253964424133,0.8106467723846436,0.9010282158851624,0.9015124320983887,0.05225745588541031
ARQ64,64,1150,642,0.8934991955757141,0.9864345192909241,0.8931674957275391,0.9067661762237549,0.842056393623352,0.9043848037719726,0.04661969840526581
ARQ128,128,1150,1283,0.5970149040222168,0.5970149040222168,0.5970149040222168,0.9620895385742188,0.5970149040222168,0.6700298309326171,0.14602985978126526
ARQ256,256,1150,2565,0.9186069369316101,0.935058057308197,0.5970149040222168,0.5970149040222168,0.5970149040222168,0.7289419174194336,0.16166068613529205
ARQ300,300,1150,3004,0.5970149040222168,0.9194029569625854,0.5970149040222168,0.5970149040222168,0.5970149040222168,0.6614925384521484,0.12895523011684418
ARQ350,350,1150,3509,0.9432835578918457,0.5970149040222168,0.5970149040222168,0.5970149040222168,0.5970149040222168,0.6662686347961426,0.13850747048854828
ARQ400,400,1150,4005,0.9191376566886902,0.9274294972419739,0.5970149040222168,0.5970149040222168,0.8307130932807922,0.7742619991302491,0.14863985776901245
ARQ450,450,1150,4510,0.5970149040222168,0.5970149040222168,0.89522385597229,0.8467993140220642,0.5970149040222168,0.7066135883331299,0.1351010650396347
ARQ500,500,1150,5006,0.8145273923873901,0.5970149040222168,0.5970149040222168,0.5970149040222168,0.5970149040222168,0.6405174255371093,0.08700500428676605
ARQ550,550,1150,5502,0.5970149040222168,0.5970149040222168,0.5970149040222168,0.5970149040222168,0.5970149040222168,0.5970149040222168,0.0
ARQ600,600,1150,6007,0.5970149040222168,0.5970149040222168,0.5970149040222168,0.5970149040222168,0.5970149040222168,0.5970149040222168,0.0
ARQ2,2,1200,23,0.711575448513031,0.5986401438713074,0.5269652009010315,0.8399668335914612,0.5848424434661865,0.6523980140686035,0.11123945564031601
ARQ4,4,1200,45,0.7223217487335205,0.7294527292251587,0.6005970239639282,0.8540298342704773,0.9494195580482483,0.7711641788482666,0.11988350749015808
ARQ8,8,1200,89,0.9916418194770813,0.9700497388839722,0.853233814239502,0.9944609999656677,0.5704146027565002,0.8759602546691895,0.16133947670459747
ARQ16,16,1200,168,0.9253731369972229,0.9977114200592041,0.9969485998153687,0.953532338142395,0.888656735420227,0.9524443626403809,0.042030058801174164
ARQ64,64,1200,642,0.5970149040222168,0.5970149040222168,0.9753565788269043,0.9793034791946411,0.90706467628479,0.8111509323120117,0.17671824991703033
ARQ128,128,1200,1283,0.9754228591918945,0.9588391184806824,0.5970149040222168,0.5970149040222168,0.9255721569061279,0.8107728004455567,0.17526952922344208
ARQ256,256,1200,2565,0.9274626970291138,0.9594693183898926,0.9274626970291138,0.89522385597229,0.5970149040222168,0.8613266944885254,0.13370837271213531
ARQ300,300,1200,3004,0.9274626970291138,0.5970149040222168,0.5970149040222168,0.5970149040222168,0.5970149040222168,0.6631044387817383,0.1321791112422943
ARQ350,350,1200,3509,0.9596351385116577,0.5970149040222168,0.5970149040222168,0.5970149040222168,0.8871641755104065,0.7275688171386718,0.16152919828891754
ARQ400,400,1200,4005,0.8859701752662659,0.5970149040222168,0.5970149040222168,0.5970149040222168,0.5970149040222168,0.6548059463500977,0.11558210849761963
ARQ450,450,1200,4510,0.9354892373085022,0.9110447764396667,0.5970149040222168,0.5970149040222168,0.5970149040222168,0.7275157451629639,0.16001705825328827
ARQ500,500,1200,5006,0.5970149040222168,0.5970149040222168,0.5970149040222168,0.89522385597229,0.5970149040222168,0.6566566944122314,0.11928357928991318
ARQ550,550,1200,5502,0.5970149040222168,0.5970149040222168,0.5970149040222168,0.5970149040222168,0.5970149040222168,0.5970149040222168,0.0
ARQ600,600,1200,6007,0.5970149040222168,0.5970149040222168,0.5970149040222168,0.5970149040222168,0.5970149040222168,0.5970149040222168,0.0
ARQ2,2,1250,23,0.5970149040222168,0.9711442589759827,0.7287561893463135,0.765174150466919,0.7546600103378296,0.7633499145507813,0.12010112404823303
ARQ4,4,1250,45,0.7897180914878845,0.5373134613037109,0.6128026247024536,0.9054062962532043,0.9192371368408203,0.7528955459594726,0.15387436747550964
ARQ8,8,1250,89,0.9991376399993896,0.946699857711792,0.7632836103439331,0.7854394912719727,0.8899170756340027,0.876895523071289,0.09083744883537292
ARQ16,16,1250,168,0.972139298915863,0.9585406184196472,0.9667661786079407,0.9050083160400391,0.9661691784858704,0.9537247657775879,0.02474074438214302
ARQ64,64,1250,642,0.9229519367218018,0.9580099582672119,0.969552218914032,0.5970149040222168,0.5970149040222168,0.8089088439941406,0.17369015514850616
ARQ128,128,1250,1283,0.8995025157928467,0.9415920376777649,0.5970149040222168,0.5970149040222168,0.5970149040222168,0.7264278411865235,0.1590557098388672
ARQ256,256,1250,2565,0.9193366765975952,0.5970149040222168,0.8226865530014038,0.9251409769058228,0.5970149040222168,0.772238826751709,0.14762701094150543
ARQ300,300,1250,3004,0.9274294972419739,0.9194029569625854,0.5970149040222168,0.5970149040222168,0.5970149040222168,0.7275754451751709,0.1599234789609909
ARQ350,350,1250,3509,0.5970149040222168,0.5970149040222168,0.5970149040222168,0.5970149040222168,0.9274626970291138,0.6631044387817383,0.1321791112422943
ARQ400,400,1250,4005,0.5970149040222168,0.5970149040222168,0.5970149040222168,0.902553915977478,0.5970149040222168,0.6581227302551269,0.12221560627222061
ARQ450,450,1250,4510,0.5970149040222168,0.5970149040222168,0.5970149040222168,0.5970149040222168,0.5970149040222168,0.5970149040222168,0.0
ARQ500,500,1250,5006,0.886135995388031,0.5970149040222168,0.9113432765007019,0.5970149040222168,0.5970149040222168,0.7177048206329346,0.14802910387516022
ARQ550,550,1250,5502,0.5970149040222168,0.5970149040222168,0.9103150963783264,0.5970149040222168,0.5970149040222168,0.6596749305725098,0.12532007694244385
ARQ600,600,1250,6007,0.5970149040222168,0.5970149040222168,0.5970149040222168,0.5970149040222168,0.5970149040222168,0.5970149040222168,0.0
ARQ2,2,1300,23,0.7771807909011841,0.480265349149704,0.5981757640838623,0.6029518842697144,0.7336981892585754,0.6384543895721435,0.10604052245616913
ARQ4,4,1300,45,0.9516085982322693,0.7797014713287354,0.5969817638397217,0.5959203839302063,0.9092869162559509,0.7666998386383057,0.15010744333267212
ARQ8,8,1300,89,0.9353233575820923,0.811542272567749,0.7230514287948608,0.7509121298789978,0.8259701728820801,0.8093599319458008,0.07350204139947891
ARQ16,16,1300,168,0.9934660196304321,0.8939303755760193,0.9816251993179321,0.969950258731842,0.9400994777679443,0.9558141708374024,0.03566582500934601
ARQ64,64,1300,642,0.9376782774925232,0.5970149040222168,0.9854394793510437,0.9292205572128296,0.9881260395050049,0.8874958038330079,0.14721263945102692
ARQ128,128,1300,1283,0.9745273590087891,0.5970149040222168,0.9427528977394104,0.5970149040222168,0.5970149040222168,0.741664981842041,0.17744417488574982
ARQ256,256,1300,2565,0.9383416175842285,0.9272968769073486,0.9504477381706238,0.9591376185417175,0.9274626970291138,0.9405373573303223,0.012611610814929008
ARQ300,300,1300,3004,0.9571475982666016,0.5970149040222168,0.5970149040222168,0.9194029569625854,0.5970149040222168,0.7335190773010254,0.16760830581188202
ARQ350,350,1300,3509,0.5970149040222168,0.5970149040222168,0.5970149040222168,0.9435821175575256,0.5970149040222168,0.6663283348083496,0.13862688839435577
ARQ400,400,1300,4005,0.8790712952613831,0.8629850745201111,0.925406277179718,0.5970149040222168,0.9422553777694702,0.841346549987793,0.12556907534599304
ARQ450,450,1300,4510,0.5970149040222168,0.5970149040222168,0.5970149040222168,0.9029518961906433,0.5970149040222168,0.6582023143768311,0.12237479537725449
ARQ500,500,1300,5006,0.9274626970291138,0.7895854115486145,0.5970149040222168,0.9032835960388184,0.5970149040222168,0.762872314453125,0.14320354163646698
